WorkRaveStats 4
D 7 2 114 12 6 7 2 114 15 36
B 0 7 0 2 8 0 0 0 152 
B 1 7 0 1 4 2 0 0 0 
B 2 7 0 0 0 0 0 0 0 
m 6 2576 245541 125915 491 1171 1387 
D 8 2 114 23 34 9 2 114 0 20
B 0 7 0 0 20 0 0 0 0 
B 1 7 0 0 1 0 0 0 0 
B 2 7 0 0 0 0 0 0 0 
m 6 1528 58798 40118 158 227 461 
D 10 2 114 8 57 10 2 114 16 21
B 0 7 0 13 61 0 0 0 3 
B 1 7 3 3 2 2 0 3 110 
B 2 7 0 0 0 0 0 0 0 
m 6 16940 1737527 999152 1 9025 7928 
D 11 2 114 9 13 11 2 114 9 13
B 0 7 0 0 1 0 0 0 0 
B 1 7 0 0 0 0 0 0 0 
B 2 7 0 0 0 0 0 0 0 
m 6 62 11527 4983 18 10 2 
D 12 2 114 9 13 12 2 114 14 35
B 0 7 0 2 92 0 0 0 0 
B 1 7 2 0 7 0 0 1 187 
B 2 7 0 0 0 0 0 0 0 
m 6 9463 616421 258763 0 3554 1352 
D 13 2 114 9 17 13 2 114 15 24
B 0 7 0 9 32 0 0 0 0 
B 1 7 2 0 3 1 0 1 113 
B 2 7 0 0 0 0 0 0 0 
m 6 10315 1566879 793894 0 7349 6268 
D 14 2 114 11 4 15 2 114 1 40
B 0 7 0 6 51 0 0 0 0 
B 1 7 2 1 9 0 0 1 199 
B 2 7 0 0 0 0 0 0 0 
m 6 10325 1458539 593215 35 3767 6891 
D 17 2 114 9 30 17 2 114 14 5
B 0 7 0 9 32 0 0 0 6 
B 1 7 3 2 4 0 1 3 196 
B 2 7 0 0 0 0 0 0 0 
m 6 9661 1147658 644764 2440 5041 6199 
D 18 2 114 9 13 18 2 114 14 36
B 0 7 0 3 51 0 0 0 0 
B 1 7 0 0 9 0 0 0 0 
B 2 7 0 0 0 0 0 0 0 
m 6 7512 889712 469139 1847 5331 3402 
D 19 2 114 10 49 19 2 114 16 18
B 0 7 0 2 81 0 0 0 0 
B 1 7 1 1 5 0 0 1 5 
B 2 7 0 0 0 0 0 0 0 
m 6 10721 946982 444507 1875 3919 2231 
D 20 2 114 9 23 20 2 114 16 53
B 0 7 0 0 78 0 0 0 0 
B 1 7 0 0 7 0 0 0 0 
B 2 7 0 0 0 0 0 0 0 
m 6 6494 351132 141198 0 1495 805 
D 23 2 114 0 3 23 2 114 2 0
B 0 7 0 0 3 0 0 0 0 
B 1 7 0 0 2 0 0 0 0 
B 2 7 0 0 0 0 0 0 0 
m 6 119 13168 6473 32 34 8 
D 24 2 114 13 39 24 2 114 17 50
B 0 7 0 0 5 0 0 0 0 
B 1 7 0 0 1 0 0 0 0 
B 2 7 0 0 0 0 0 0 0 
m 6 14903 39966 22467 77 151 389 
D 25 2 114 8 54 25 2 114 14 52
B 0 7 0 3 76 0 0 0 0 
B 1 7 0 0 6 0 0 0 0 
B 2 7 0 0 0 0 0 0 0 
m 6 8829 748176 365802 1498 4652 1121 
D 26 2 114 9 28 26 2 114 16 27
B 0 7 0 4 45 0 0 0 0 
B 1 7 0 0 10 0 0 0 0 
B 2 7 0 0 0 0 0 0 0 
m 6 6183 1069412 502222 1654 4390 1034 
D 27 2 114 11 6 27 2 114 22 56
B 0 7 0 1 73 0 0 0 1 
B 1 7 0 0 4 0 0 0 0 
B 2 7 0 0 0 0 0 0 0 
m 6 7288 478071 240561 89 1534 2694 
D 28 2 114 9 12 28 2 114 15 8
B 0 7 0 4 39 0 0 0 0 
B 1 7 0 0 7 0 0 0 0 
B 2 7 0 0 0 0 0 0 0 
m 6 6967 567098 295284 1108 3001 5068 
D 29 2 114 14 52 29 2 114 14 52
B 0 7 0 0 0 0 0 0 0 
B 1 7 0 0 0 0 0 0 0 
B 2 7 0 0 0 0 0 0 0 
m 6 0 1647 1 0 1 0 
D 31 2 114 9 36 31 2 114 16 58
B 0 7 0 3 59 0 0 0 0 
B 1 7 1 0 5 1 0 1 7 
B 2 7 0 0 0 0 0 0 0 
m 6 8915 1054168 574477 18 6759 2984 
D 1 3 114 11 8 1 3 114 19 43
B 0 7 0 7 67 0 0 0 0 
B 1 7 1 1 5 0 0 1 29 
B 2 7 0 0 0 0 0 0 0 
m 6 18416 1535213 883930 536 7414 5967 
D 3 3 114 9 15 3 3 114 16 39
B 0 7 0 3 59 0 0 0 0 
B 1 7 0 0 8 0 0 0 0 
B 2 7 0 0 0 0 0 0 0 
m 6 11062 1134993 607316 11 5539 6825 
D 4 3 114 9 22 4 3 114 14 16
B 0 7 0 2 58 0 0 0 0 
B 1 7 0 0 8 0 0 0 0 
B 2 7 0 0 0 0 0 0 0 
m 6 9369 1418905 656615 2413 3550 5014 
D 6 3 114 13 27 6 3 114 14 40
B 0 7 0 0 4 0 0 0 0 
B 1 7 0 0 3 0 0 0 0 
B 2 7 0 0 0 0 0 0 0 
m 6 231 18296 6557 34 22 94 
D 7 3 114 9 3 7 3 114 20 36
B 0 7 0 4 38 0 0 0 1 
B 1 7 1 0 3 1 0 1 0 
B 2 7 0 0 0 0 0 0 0 
m 6 8053 351769 193335 6 2995 5297 
D 8 3 114 9 22 8 3 114 15 7
B 0 7 0 0 59 0 0 0 0 
B 1 7 0 0 8 0 0 0 0 
B 2 7 0 0 0 0 0 0 0 
m 6 6091 651481 293399 383 1362 2781 
D 9 3 114 9 37 9 3 114 15 19
B 0 7 0 4 48 0 0 0 0 
B 1 7 2 2 8 2 0 2 36 
B 2 7 0 0 0 0 0 0 0 
m 6 11053 1658354 948458 3374 7759 5908 
D 10 3 114 10 30 10 3 114 15 1
B 0 7 0 4 38 0 0 0 1 
B 1 7 1 0 5 1 0 1 3 
B 2 7 0 0 0 0 0 0 0 
m 6 7698 1172540 500795 0 3551 3520 
D 11 3 114 9 18 12 3 114 1 11
B 0 7 0 1 39 0 0 0 0 
B 1 7 1 0 2 0 0 1 0 
B 2 7 0 0 0 0 0 0 0 
m 6 5544 602415 283690 70 3204 2662 
D 12 3 114 14 6 12 3 114 17 18
B 0 7 0 3 47 0 0 0 3 
B 1 7 0 0 4 1 0 0 0 
B 2 7 0 0 0 0 0 0 0 
m 6 6704 473065 264866 1023 2985 4134 
D 14 3 114 9 37 14 3 114 19 46
B 0 7 0 1 75 0 0 0 0 
B 1 7 0 0 15 0 0 0 0 
B 2 7 0 0 0 0 0 0 0 
m 6 5781 471328 197925 51 1406 2521 
D 15 3 114 9 23 15 3 114 15 9
B 0 7 0 1 45 0 0 0 0 
B 1 7 1 0 4 0 1 1 110 
B 2 7 0 0 0 0 0 0 0 
m 6 6802 645263 318671 1275 2110 4396 
D 16 3 114 9 29 16 3 114 15 23
B 0 7 0 0 27 0 0 0 0 
B 1 7 0 0 6 0 0 0 0 
B 2 7 0 0 0 0 0 0 0 
m 6 3485 406265 180214 793 2045 1108 
D 17 3 114 9 58 17 3 114 12 2
B 0 7 0 2 28 0 0 0 2 
B 1 7 1 1 0 0 0 1 7 
B 2 7 0 0 0 0 0 0 0 
m 6 4494 386777 205070 741 1853 2701 
D 20 3 114 19 29 20 3 114 19 35
B 0 7 0 0 1 0 0 0 0 
B 1 7 0 0 0 0 0 0 0 
B 2 7 0 0 0 0 0 0 0 
m 6 366 28751 16519 58 133 445 
D 21 3 114 9 13 21 3 114 11 9
B 0 7 0 1 30 0 0 0 0 
B 1 7 3 0 1 0 2 3 412 
B 2 7 0 0 0 0 0 0 0 
m 6 5307 368560 205492 786 2110 2450 
D 22 3 114 9 19 22 3 114 17 7
B 0 7 0 1 37 0 0 0 0 
B 1 7 0 0 8 0 0 0 0 
B 2 7 0 0 0 0 0 0 0 
m 6 5520 424126 217363 94 3543 2886 
D 23 3 114 11 35 23 3 114 15 14
B 0 7 0 4 42 0 0 0 1 
B 1 7 2 2 0 1 1 2 32 
B 2 7 0 0 0 0 0 0 0 
m 6 8129 515978 308327 0 3479 6668 
D 24 3 114 9 36 24 3 114 16 55
B 0 7 0 2 70 0 0 0 0 
B 1 7 0 0 3 0 0 0 0 
B 2 7 0 0 0 0 0 0 0 
m 6 9612 915020 416634 201 4285 5627 
D 25 3 114 9 54 25 3 114 22 12
B 0 7 0 5 63 0 0 0 205 
B 1 7 2 2 4 2 0 2 50 
B 2 7 0 0 0 0 0 0 0 
m 6 12123 1373664 720009 74 6941 8343 
D 27 3 114 0 13 27 3 114 18 25
B 0 7 0 0 12 0 0 0 0 
B 1 7 0 0 2 0 0 0 0 
B 2 7 0 0 0 0 0 0 0 
m 6 657 2550 809 2 9 282 
D 28 3 114 9 0 28 3 114 10 59
B 0 7 0 0 44 0 0 0 0 
B 1 7 1 1 0 0 0 1 25 
B 2 7 0 0 0 0 0 0 0 
m 6 5893 411864 209932 774 3730 770 
D 29 3 114 9 24 29 3 114 14 24
B 0 7 0 11 29 0 0 0 0 
B 1 7 3 0 5 1 0 2 195 
B 2 7 0 0 0 0 0 0 0 
m 6 10298 1642244 787789 3126 5450 7834 
D 30 3 114 10 31 30 3 114 15 0
B 0 7 0 9 41 0 0 0 1 
B 1 7 2 1 4 0 0 2 20 
B 2 7 0 0 0 0 0 0 0 
m 6 9179 1405254 709570 2713 5163 5756 
D 5 4 114 9 22 6 4 114 0 15
B 0 7 0 18 53 0 0 0 19 
B 1 7 5 4 6 0 1 5 247 
B 2 7 0 0 0 0 0 0 0 
m 6 16589 1873566 1007550 53 8264 5732 
D 6 4 114 8 37 6 4 114 15 15
B 0 7 0 4 47 0 0 0 0 
B 1 7 1 1 6 0 0 1 24 
B 2 7 0 0 0 0 0 0 0 
m 6 8950 1086485 609392 2169 5977 6374 
D 7 4 114 9 26 7 4 114 15 6
B 0 7 0 7 48 0 0 0 0 
B 1 7 6 2 2 0 2 4 775 
B 2 7 0 0 0 0 0 0 0 
m 6 10176 1251945 691046 237 5511 7223 
D 8 4 114 9 25 8 4 114 19 41
B 0 7 0 7 91 0 0 0 154 
B 1 7 7 0 1 2 1 4 209 
B 2 7 0 0 0 0 0 0 0 
m 6 14578 1960431 1003584 1251 8019 7086 
D 9 4 114 10 7 9 4 114 17 8
B 0 7 0 10 45 0 0 0 150 
B 1 7 3 2 6 1 0 2 224 
B 2 7 0 0 0 0 0 0 0 
m 6 13234 1541735 967008 0 8083 12859 
D 12 4 114 9 49 12 4 114 20 41
B 0 7 0 0 19 0 0 0 0 
B 1 7 0 0 4 0 0 0 0 
B 2 7 0 0 0 0 0 0 0 
m 6 842 35375 14180 69 228 119 
D 13 4 114 9 42 13 4 114 9 42
B 0 7 0 0 0 0 0 0 0 
B 1 7 0 0 0 0 0 0 0 
B 2 7 0 0 0 0 0 0 0 
m 6 0 395 0 0 1 0 
D 14 4 114 9 56 14 4 114 11 4
B 0 7 0 3 19 0 0 0 0 
B 1 7 3 0 0 0 1 2 372 
B 2 7 0 0 0 0 0 0 0 
m 6 3691 367785 200476 699 2199 2390 
D 15 4 114 11 29 16 4 114 2 48
B 0 7 0 5 51 0 0 0 1 
B 1 7 4 1 4 0 1 3 383 
B 2 7 0 0 0 0 0 0 0 
m 6 11544 1289573 746602 31 7196 4431 
D 16 4 114 10 59 16 4 114 16 16
B 0 7 0 12 44 0 0 0 1 
B 1 7 3 3 4 0 0 3 20 
B 2 7 0 0 0 0 0 0 0 
m 6 12389 1876383 1146867 3763 7428 9055 
D 18 4 114 0 0 18 4 114 14 9
B 0 7 0 0 3 0 0 0 0 
B 1 7 0 0 0 0 0 0 0 
B 2 7 0 0 0 0 0 0 0 
m 6 0 11155 4613 1 17 48 
D 19 4 114 9 6 20 4 114 2 10
B 0 7 0 4 47 0 0 0 1 
B 1 7 4 1 2 2 1 3 386 
B 2 7 0 0 0 0 0 0 0 
m 6 9718 999740 524007 11 5359 6838 
D 20 4 114 9 10 20 4 114 9 10
B 0 7 0 0 0 0 0 0 0 
B 1 7 0 0 0 0 0 0 0 
B 2 7 0 0 0 0 0 0 0 
m 6 0 1412 4 0 1 0 
D 21 4 114 9 41 22 4 114 1 5
B 0 7 0 11 43 0 0 0 0 
B 1 7 3 2 3 1 0 3 19 
B 2 7 0 0 0 0 0 0 0 
m 6 13352 1525702 823722 48 8136 10006 
D 22 4 114 10 47 22 4 114 15 41
B 0 7 0 5 40 0 0 0 0 
B 1 7 2 1 3 0 0 2 29 
B 2 7 0 0 0 0 0 0 0 
m 6 9245 1044431 531095 0 4291 8104 
D 23 4 114 10 6 23 4 114 16 2
B 0 7 0 3 53 0 0 0 0 
B 1 7 4 1 3 1 0 2 393 
B 2 7 0 0 0 0 0 0 0 
m 6 10299 1354261 658913 2473 4558 8840 
D 24 4 114 20 49 25 4 114 1 19
B 0 7 0 0 8 0 0 0 0 
B 1 7 0 0 1 1 0 0 0 
B 2 7 0 0 0 0 0 0 0 
m 6 587 118655 27082 2 183 163 
D 25 4 114 12 36 25 4 114 21 2
B 0 7 0 0 34 0 0 0 0 
B 1 7 0 0 7 0 0 0 0 
B 2 7 0 0 0 0 0 0 0 
m 6 3458 319962 176287 114 2863 388 
D 26 4 114 9 10 26 4 114 15 25
B 0 7 0 1 48 0 0 0 0 
B 1 7 1 1 4 0 0 1 5 
B 2 7 0 0 0 0 0 0 0 
m 6 10048 1016177 485326 1780 3648 6789 
D 27 4 114 8 52 27 4 114 18 27
B 0 7 0 5 33 0 0 0 0 
B 1 7 0 0 5 0 0 0 0 
B 2 7 0 0 0 0 0 0 0 
m 6 6701 688812 415659 5 3437 5311 
D 28 4 114 9 57 28 4 114 14 46
B 0 7 0 11 39 0 0 0 1 
B 1 7 7 2 2 0 4 5 1031 
B 2 7 0 0 0 0 0 0 0 
m 6 12660 1739638 1045456 3525 7209 10455 
D 29 4 114 9 17 29 4 114 17 41
B 0 7 0 9 56 0 0 0 1 
B 1 7 2 2 5 1 0 2 19 
B 2 7 0 0 0 0 0 0 0 
m 6 15091 2250752 1111887 8 6814 12718 
D 30 4 114 9 17 31 4 114 3 48
B 0 7 0 11 114 0 0 0 1 
B 1 7 5 2 6 0 2 5 31 
B 2 7 0 0 0 0 0 0 0 
m 6 20991 2242011 1268921 140 10047 20384 
D 31 4 114 13 29 31 4 114 13 30
B 0 7 0 0 2 0 0 0 0 
B 1 7 0 0 0 0 0 0 0 
B 2 7 0 0 0 0 0 0 0 
m 6 133 31587 13873 57 34 30 
D 2 5 114 0 19 2 5 114 22 54
B 0 7 0 5 79 0 0 0 0 
B 1 7 2 1 8 0 0 1 199 
B 2 7 0 0 0 0 0 0 0 
m 6 13484 2173420 1065562 238 8910 8748 
D 3 5 114 9 21 3 5 114 11 34
B 0 7 0 1 26 0 0 0 0 
B 1 7 1 0 1 0 0 1 11 
B 2 7 0 0 0 0 0 0 0 
m 6 4269 489412 202197 1011 1316 3310 
D 4 5 114 9 45 5 5 114 3 24
B 0 7 0 8 59 0 0 0 0 
B 1 7 4 3 6 0 0 3 294 
B 2 7 0 0 0 0 0 0 0 
m 6 13064 2227728 1160792 99 10050 8985 
D 5 5 114 10 17 5 5 114 16 57
B 0 7 0 10 32 0 0 0 0 
B 1 7 1 1 2 0 0 1 5 
B 2 7 0 0 0 0 0 0 0 
m 6 9610 1605003 886792 21 5346 8109 
D 6 5 114 9 31 6 5 114 15 43
B 0 7 0 12 52 0 0 0 2 
B 1 7 4 3 5 0 2 4 389 
B 2 7 0 0 0 0 0 0 0 
m 6 14355 1853054 1123716 3525 9444 11661 
D 8 5 114 22 44 8 5 114 22 44
B 0 7 0 0 0 0 0 0 0 
B 1 7 0 0 0 0 0 0 0 
B 2 7 0 0 0 0 0 0 0 
m 6 108 6724 3434 12 12 54 
D 9 5 114 9 6 9 5 114 11 13
B 0 7 0 3 36 0 0 0 0 
B 1 7 2 1 0 0 0 2 30 
B 2 7 0 0 0 0 0 0 0 
m 6 6596 870975 458414 1189 3368 2916 
D 10 5 114 9 34 10 5 114 17 48
B 0 7 0 0 58 0 0 0 0 
B 1 7 0 0 9 0 0 0 0 
B 2 7 0 0 0 0 0 0 0 
m 6 8653 1412508 685294 187 3873 4015 
D 11 5 114 9 28 11 5 114 13 38
B 0 7 0 2 22 0 0 0 0 
B 1 7 1 0 1 0 0 1 0 
B 2 7 0 0 0 0 0 0 0 
m 6 4448 849366 413915 22 1661 2790 
D 12 5 114 10 15 12 5 114 15 22
B 0 7 0 5 50 0 0 0 1 
B 1 7 3 1 5 0 1 2 388 
B 2 7 0 0 0 0 0 0 0 
m 6 11253 1497947 820678 2548 4718 10873 
D 13 5 114 9 43 13 5 114 13 40
B 0 7 0 5 38 0 0 0 0 
B 1 7 2 1 4 1 0 2 17 
B 2 7 0 0 0 0 0 0 0 
m 6 9045 1221730 674324 1595 3410 6975 
D 16 5 114 9 13 16 5 114 15 13
B 0 7 0 4 62 0 0 0 0 
B 1 7 2 1 5 0 1 2 102 
B 2 7 0 0 0 0 0 0 0 
m 6 12709 1495289 792564 2461 4832 10218 
D 17 5 114 9 27 17 5 114 13 53
B 0 7 0 4 45 0 0 0 0 
B 1 7 0 0 5 0 0 0 0 
B 2 7 0 0 0 0 0 0 0 
m 6 7171 1244505 670499 2018 3479 4278 
D 18 5 114 10 21 18 5 114 11 12
B 0 7 0 3 7 0 0 0 0 
B 1 7 1 0 0 0 0 1 14 
B 2 7 0 0 0 0 0 0 0 
m 6 2826 635098 310825 979 1790 1190 
D 20 5 114 21 14 20 5 114 22 17
B 0 7 0 0 1 0 0 0 0 
B 1 7 0 0 0 0 0 0 0 
B 2 7 0 0 0 0 0 0 0 
m 6 5 3073 210 3 3 0 
D 23 5 114 9 12 23 5 114 12 33
B 0 7 0 5 39 0 0 0 9 
B 1 7 2 1 2 0 0 2 32 
B 2 7 0 0 0 0 0 0 0 
m 6 9098 1406467 735943 3 3910 5495 
D 24 5 114 10 12 24 5 114 14 39
B 0 7 0 7 35 0 0 0 0 
B 1 7 4 2 2 0 1 3 387 
B 2 7 0 0 0 0 0 0 0 
m 6 9670 1347574 700384 1513 3293 8854 
D 25 5 114 10 0 25 5 114 16 14
B 0 7 0 11 58 0 0 0 22 
B 1 7 8 2 8 0 4 6 1184 
B 2 7 0 0 0 0 0 0 0 
m 6 13650 1995257 1000683 3228 5191 10515 
D 26 5 114 9 39 26 5 114 11 27
B 0 7 0 1 5 0 0 0 0 
B 1 7 0 0 1 0 0 0 0 
B 2 7 0 0 0 0 0 0 0 
m 6 1723 246170 109329 0 496 1202 
D 27 5 114 9 52 27 5 114 16 2
B 0 7 0 10 56 0 0 0 0 
B 1 7 5 3 5 0 0 3 397 
B 2 7 0 0 0 0 0 0 0 
m 6 14877 1579485 735604 0 4499 13020 
D 30 5 114 9 38 30 5 114 15 24
B 0 7 0 5 52 0 0 0 0 
B 1 7 1 2 7 0 0 1 12 
B 2 7 0 0 0 0 0 0 0 
m 6 11686 1646058 876039 1610 4742 9402 
D 1 6 114 9 47 1 6 114 15 37
B 0 7 0 2 29 0 0 0 0 
B 1 7 0 0 9 0 0 0 0 
B 2 7 0 0 0 0 0 0 0 
m 6 4548 639851 308299 605 1907 4017 
D 2 6 114 9 46 2 6 114 15 56
B 0 7 0 10 67 0 0 0 0 
B 1 7 6 1 4 0 2 4 711 
B 2 7 0 0 0 0 0 0 0 
m 6 14357 1975330 1091141 1 7267 11739 
D 3 6 114 9 12 3 6 114 15 27
B 0 7 0 2 67 0 0 0 0 
B 1 7 1 1 3 0 0 1 18 
B 2 7 0 0 0 0 0 0 0 
m 6 8687 1144180 572240 1784 4956 3773 
D 4 6 114 9 14 4 6 114 15 33
B 0 7 0 9 49 0 0 0 113 
B 1 7 1 0 4 0 0 1 7 
B 2 7 0 0 0 0 0 0 0 
m 6 12217 1578574 860843 0 6336 9500 
D 7 6 114 9 30 7 6 114 12 32
B 0 7 0 5 38 0 0 0 0 
B 1 7 1 0 3 0 0 1 2 
B 2 7 0 0 0 0 0 0 0 
m 6 7634 787322 416437 1108 2725 5478 
D 8 6 114 9 19 8 6 114 14 46
B 0 7 0 2 52 0 0 0 0 
B 1 7 1 0 4 0 0 1 10 
B 2 7 0 0 0 0 0 0 0 
m 6 9393 1196757 589646 2028 3368 6750 
D 10 6 114 9 17 10 6 114 18 21
B 0 7 0 2 50 0 0 0 0 
B 1 7 0 0 9 0 0 0 0 
B 2 7 0 0 0 0 0 0 0 
m 6 7754 895859 425614 1 2244 6052 
D 11 6 114 11 12 11 6 114 16 23
B 0 7 0 1 58 0 0 0 0 
B 1 7 4 2 3 0 2 4 383 
B 2 7 0 0 0 0 0 0 0 
m 6 11302 1542286 799802 1457 5062 8208 
D 14 6 114 9 7 14 6 114 17 12
B 0 7 0 1 91 0 0 0 0 
B 1 7 3 1 6 0 0 1 360 
B 2 7 0 0 0 0 0 0 0 
m 6 12566 1055326 616195 0 4230 10020 
D 15 6 114 9 5 15 6 114 15 18
B 0 7 0 2 94 0 0 0 0 
B 1 7 1 1 6 0 0 1 5 
B 2 7 0 0 0 0 0 0 0 
m 6 12442 1113282 635707 0 5261 10501 
D 16 6 114 9 50 16 6 114 16 25
B 0 7 0 8 35 0 0 0 0 
B 1 7 0 0 10 0 0 0 0 
B 2 7 0 0 0 0 0 0 0 
m 6 7436 974639 483352 129 3815 5392 
D 17 6 114 10 4 17 6 114 16 19
B 0 7 0 7 50 0 0 0 0 
B 1 7 1 1 5 0 0 1 24 
B 2 7 0 0 0 0 0 0 0 
m 6 12374 1473507 804793 2315 5178 12061 
D 18 6 114 9 24 18 6 114 15 15
B 0 7 0 7 66 0 0 0 150 
B 1 7 3 2 3 0 2 3 355 
B 2 7 0 0 0 0 0 0 0 
m 6 12785 1280541 637060 1391 4924 12026 
D 21 6 114 10 0 21 6 114 14 53
B 0 7 0 3 50 0 0 0 0 
B 1 7 0 0 6 0 0 0 0 
B 2 7 0 0 0 0 0 0 0 
m 6 7957 811326 403837 1372 3191 3104 
D 22 6 114 9 26 22 6 114 20 19
B 0 7 0 3 97 0 0 0 0 
B 1 7 2 0 9 0 1 2 274 
B 2 7 0 0 0 0 0 0 0 
m 6 16654 1375005 831018 2209 8225 14426 
D 23 6 114 10 7 23 6 114 15 4
B 0 7 0 3 39 0 0 0 0 
B 1 7 0 0 6 0 0 0 0 
B 2 7 0 0 0 0 0 0 0 
m 6 6929 841205 395330 374 2060 5084 
D 24 6 114 10 57 24 6 114 16 32
B 0 7 0 3 80 0 0 0 0 
B 1 7 2 2 6 0 0 2 27 
B 2 7 0 0 0 0 0 0 0 
m 6 10119 953304 568607 1525 3965 8376 
D 25 6 114 9 36 25 6 114 15 57
B 0 7 0 6 54 0 0 0 0 
B 1 7 1 0 5 0 1 1 79 
B 2 7 0 0 0 0 0 0 0 
m 6 10934 1179141 571614 1922 3236 10236 
D 27 6 114 1 2 27 6 114 1 17
B 0 7 0 0 3 0 0 0 0 
B 1 7 0 0 0 0 0 0 0 
B 2 7 0 0 0 0 0 0 0 
m 6 150 30122 4435 1 14 38 
D 28 6 114 9 29 28 6 114 15 53
B 0 7 0 3 23 0 0 0 150 
B 1 7 1 0 7 0 0 1 87 
B 2 7 0 0 0 0 0 0 0 
m 6 5555 621687 286647 0 3237 3503 
D 29 6 114 11 11 29 6 114 16 2
B 0 7 0 5 38 0 0 0 0 
B 1 7 0 0 6 0 0 0 0 
B 2 7 0 0 0 0 0 0 0 
m 6 9752 1000617 486508 1820 4402 8479 
D 30 6 114 10 6 30 6 114 16 47
B 0 7 0 5 55 0 0 0 0 
B 1 7 0 0 9 0 0 0 0 
B 2 7 0 0 0 0 0 0 0 
m 6 10942 1146209 573862 1919 4744 11115 
D 31 6 114 9 21 31 6 114 15 16
B 0 7 0 1 29 0 0 0 0 
B 1 7 0 0 6 0 0 0 0 
B 2 7 0 0 0 0 0 0 0 
m 6 5113 469153 222717 17 2809 1869 
D 1 7 114 11 21 1 7 114 16 33
B 0 7 0 1 45 0 0 0 0 
B 1 7 1 1 8 0 0 1 6 
B 2 7 0 0 0 0 0 0 0 
m 6 6958 619289 303358 1049 2842 4156 
D 2 7 114 14 19 2 7 114 14 20
B 0 7 0 0 0 0 0 0 0 
B 1 7 0 0 0 0 0 0 0 
B 2 7 0 0 0 0 0 0 0 
m 6 114 12911 7822 2 40 44 
D 4 7 114 9 50 4 7 114 13 31
B 0 7 0 2 11 0 0 0 0 
B 1 7 0 0 2 0 0 0 0 
B 2 7 0 0 0 0 0 0 0 
m 6 2923 225168 106782 433 1102 2390 
D 5 7 114 10 46 5 7 114 16 27
B 0 7 0 7 48 0 0 0 0 
B 1 7 3 1 4 0 0 1 344 
B 2 7 0 0 0 0 0 0 0 
m 6 10973 1345002 688164 0 6321 6553 
D 6 7 114 10 21 6 7 114 16 5
B 0 7 0 6 54 0 0 0 0 
B 1 7 4 0 3 0 2 3 603 
B 2 7 0 0 0 0 0 0 0 
m 6 11485 1172721 550331 2079 4397 8604 
D 7 7 114 9 7 7 7 114 15 34
B 0 7 0 3 50 0 0 0 0 
B 1 7 0 0 7 0 0 0 0 
B 2 7 0 0 0 0 0 0 0 
m 6 8812 1138297 534726 1 3882 5874 
D 8 7 114 10 25 8 7 114 15 22
B 0 7 0 3 19 0 0 0 6 
B 1 7 0 0 5 0 0 0 0 
B 2 7 0 0 0 0 0 0 0 
m 6 4580 866601 359464 1211 3005 2907 
D 11 7 114 9 52 11 7 114 16 6
B 0 7 0 3 54 0 0 0 0 
B 1 7 4 0 5 0 3 3 410 
B 2 7 0 0 0 0 0 0 0 
m 6 9215 1094858 496560 1437 3429 6979 
D 12 7 114 10 43 12 7 114 16 21
B 0 7 0 1 22 0 0 0 0 
B 1 7 0 0 6 0 0 0 0 
B 2 7 0 0 0 0 0 0 0 
m 6 2815 533617 144916 852 939 1629 
D 15 7 114 15 57 15 7 114 15 59
B 0 7 0 0 1 0 0 0 0 
B 1 7 0 0 0 0 0 0 0 
B 2 7 0 0 0 0 0 0 0 
m 6 203 18212 8687 30 48 196 
D 19 7 114 15 11 19 7 114 16 41
B 0 7 0 1 22 0 0 0 0 
B 1 7 1 0 1 0 0 1 34 
B 2 7 0 0 0 0 0 0 0 
m 6 4138 278165 151636 641 1434 2345 
D 20 7 114 10 56 20 7 114 14 41
B 0 7 0 5 34 0 0 0 0 
B 1 7 0 0 3 0 0 0 0 
B 2 7 0 0 0 0 0 0 0 
m 6 7339 399078 196614 616 1388 8437 
D 28 7 114 10 31 28 7 114 15 1
B 0 7 1 4 46 0 0 1 0 
B 1 7 0 0 4 0 6 0 914 
B 2 7 0 0 0 0 0 0 0 
m 6 5810 398419 205291 667 1861 7944 
D 29 7 114 10 2 29 7 114 16 47
B 0 7 0 7 66 0 2 0 153 
B 1 7 0 1 3 0 8 0 1203 
B 2 7 0 0 0 0 0 0 0 
m 6 10239 1048294 503164 1914 4358 11588 
D 1 8 114 11 52 1 8 114 14 44
B 0 7 0 0 9 0 0 0 0 
B 1 7 0 0 3 0 0 0 0 
B 2 7 0 0 0 0 0 0 0 
m 6 1645 229163 118863 357 977 2049 
D 2 8 114 9 46 2 8 114 16 30
B 0 7 0 2 38 0 0 0 0 
B 1 7 0 0 4 0 4 0 589 
B 2 7 0 0 0 0 0 0 0 
m 6 3714 276330 137381 483 702 5751 
D 3 8 114 10 26 3 8 114 15 44
B 0 7 0 0 43 0 7 0 1173 
B 1 7 0 0 6 0 8 0 1287 
B 2 7 0 0 0 0 0 0 0 
m 6 8852 1216793 624031 1948 4531 11868 
D 5 8 114 10 44 5 8 114 18 33
B 0 7 0 4 31 0 5 0 525 
B 1 7 0 0 6 0 1 0 156 
B 2 7 0 0 0 0 0 0 0 
m 6 7462 1656608 543648 0 2954 10732 
D 8 8 114 9 56 8 8 114 16 19
B 0 7 0 4 46 0 5 0 566 
B 1 7 0 1 10 0 1 0 180 
B 2 7 0 0 0 0 0 0 0 
m 6 8957 1212105 615534 2018 5518 10632 
D 9 8 114 9 54 9 8 114 19 48
B 0 7 0 1 69 0 0 0 47 
B 1 7 0 1 11 0 7 0 186 
B 2 7 0 0 0 0 0 0 0 
m 6 9943 450136 223503 58 2169 17409 
D 10 8 114 10 31 10 8 114 14 21
B 0 7 0 7 27 0 0 0 0 
B 1 7 0 0 4 0 4 0 485 
B 2 7 0 0 0 0 0 0 0 
m 6 6068 520943 205287 780 1248 9760 
D 11 8 114 10 3 11 8 114 16 15
B 0 7 0 4 47 0 0 0 0 
B 1 7 0 0 7 0 3 0 385 
B 2 7 0 0 0 0 0 0 0 
m 6 6021 508640 266351 320 2559 8146 
D 12 8 114 10 15 12 8 114 15 59
B 0 7 0 5 41 0 0 0 0 
B 1 7 0 1 2 0 6 0 904 
B 2 7 0 0 0 0 0 0 0 
m 6 6813 731455 416869 1212 3325 8742 
D 15 8 114 10 15 15 8 114 15 34
B 0 7 0 5 48 0 0 0 0 
B 1 7 0 1 3 0 3 0 363 
B 2 7 0 0 0 0 0 0 0 
m 6 9140 1127608 635474 1980 4277 11530 
D 16 8 114 9 33 16 8 114 12 20
B 0 7 0 1 36 0 0 0 0 
B 1 7 0 0 0 0 4 0 521 
B 2 7 0 0 0 0 0 0 0 
m 6 5321 832229 417475 590 3007 7171 
D 17 8 114 10 8 17 8 114 15 40
B 0 7 0 2 63 0 0 0 0 
B 1 7 0 0 8 0 0 0 0 
B 2 7 0 0 0 0 0 0 0 
m 6 6553 896524 499674 1601 4716 6174 
D 18 8 114 8 57 18 8 114 15 41
B 0 7 0 1 63 0 0 0 40 
B 1 7 0 1 4 0 3 0 466 
B 2 7 0 0 0 0 0 0 0 
m 6 7432 1056556 491441 282 3643 7714 
D 19 8 114 9 38 19 8 114 16 45
B 0 7 0 2 74 0 0 0 0 
B 1 7 0 0 6 0 0 0 0 
B 2 7 0 0 0 0 0 0 0 
m 6 8113 997817 376897 169 2702 10249 
D 22 8 114 9 41 22 8 114 15 16
B 0 7 0 4 53 0 0 0 53 
B 1 7 0 2 6 0 2 0 360 
B 2 7 0 0 0 0 0 0 0 
m 6 8332 607218 314612 1043 2132 15083 
D 23 8 114 10 8 23 8 114 16 12
B 0 7 0 7 51 0 0 0 0 
B 1 7 0 1 8 0 0 0 0 
B 2 7 0 0 0 0 0 0 0 
m 6 8752 1220816 565996 1966 3248 10796 
D 24 8 114 10 25 24 8 114 19 13
B 0 7 0 13 52 0 0 0 150 
B 1 7 0 1 11 0 5 0 696 
B 2 7 0 0 0 0 0 0 0 
m 6 11923 3284215 1265337 2541 8020 8123 
D 25 8 114 10 4 25 8 114 15 57
B 0 7 0 0 45 0 0 0 0 
B 1 7 0 0 6 0 0 0 0 
B 2 7 0 0 0 0 0 0 0 
m 6 5506 763149 354772 1338 2475 6537 
